% mask_region = CDF_region_mask

function mask_region = CDF_region_mask

a1 = [
   NaN   NaN   NaN   NaN   NaN   NaN   NaN   NaN   NaN   NaN   NaN   NaN   NaN   NaN   NaN   NaN   NaN   NaN   NaN   NaN   NaN   NaN   NaN   NaN
   NaN   NaN   NaN   NaN   NaN   NaN   NaN   NaN   NaN   NaN   NaN   NaN   NaN   NaN   NaN   NaN   NaN   NaN   NaN   NaN   NaN   NaN   NaN   NaN
   NaN   NaN   NaN   NaN   NaN   NaN   NaN   NaN   NaN   NaN   NaN   NaN   NaN   NaN   NaN   NaN   NaN   NaN   NaN   NaN   NaN   NaN   NaN   NaN
    16   NaN   NaN   NaN    16   NaN   NaN   NaN   NaN   NaN   NaN   NaN   NaN   NaN   NaN   NaN   NaN   NaN   NaN   NaN   NaN   NaN   NaN   NaN
    16    16    16    16    16    16    16    16    16    16    16    16    16    16    16    16    16    16    16    16    16    16    16    16
    16    16    16    16    16    16    16    16    16    16    16    16    16    16    16    16    16    16    16    16    16    16    16    16
    15    15    15    15    15    15    15    15    15    15    15    15    15    15    15    15    15    15    15    15    15    15    15    15
    15    15    15    15    15    15    15    15    15    15    15    15    15    15    15    15    15    15    15    15    15    15    15    15
    15    15    15    15    15    15    15    15    15    15    15    15    15    15    15    15    15    15    15    15    15    15    15    15
    15    15    15    15    15    15    15    15    15    15    15    15    15    15    15    15    15    15    15    15    15    15    15    15
    12    12    12    12    13    13    13    13    13    13    13    13    13    13    13    13    13    13    13    13    13    13    13    13
    12    12    12    12    13    13    13    13    13    13    13    13    13    13    13    13    13    13    13    13    13    13    13    13
    12    12    12    12   NaN   NaN    13    13    13    13    13    13    13    13    13    13    13    13    13    13    13    13    13   NaN
    12    12    12   NaN   NaN   NaN   NaN    13    13    13    13    13    13    13    13    13    13    13    13    13    13    13    13    13
     7     7     7   NaN   NaN   NaN   NaN    11    11    11    11    11    11    11    11    11    11    11    11    11    11    11     8     8
     7     7     7   NaN   NaN   NaN   NaN   NaN    11    11    11    11    11    11    11    11    11    11    11    11    11    11     8     8
     7     7     7   NaN   NaN   NaN   NaN    11    11    11    11    11    11    11    11    11    11    11    11    11    11    11     8     8
     7     7     7   NaN   NaN   NaN   NaN    11    11    11    11    11    11    11    11    11    11    11    11    11    11    11     8     8
     7     7   NaN   NaN   NaN   NaN   NaN   NaN    11    11    11    11    11    11    11    11    11    11    11    11    11    11     8     8
     7   NaN   NaN   NaN   NaN   NaN   NaN   NaN   NaN    11    11    11    11    11    11    11    11    11    11    11    11    11     8     8
   NaN   NaN   NaN   NaN   NaN   NaN   NaN   NaN    11    11    11    11    11    11    11    11    11    11    11    11    11    11     8     8
   NaN   NaN   NaN   NaN   NaN   NaN   NaN    11    11   NaN    11    11    11    11    11   NaN    11    11    11   NaN   NaN    11     8     8
   NaN   NaN   NaN   NaN   NaN   NaN   NaN    11   NaN   NaN   NaN    11    11    11    11   NaN   NaN    11    11   NaN   NaN    11     2     2
   NaN   NaN   NaN   NaN   NaN   NaN     6    11   NaN    11    11    11   NaN   NaN   NaN   NaN   NaN   NaN   NaN   NaN   NaN   NaN   NaN   NaN
   NaN   NaN     6     6     6     6     6     6   NaN   NaN   NaN   NaN   NaN   NaN   NaN   NaN   NaN   NaN   NaN   NaN   NaN   NaN   NaN   NaN
     6     6     6     6     6     6     6     6   NaN   NaN   NaN   NaN   NaN   NaN   NaN   NaN   NaN   NaN   NaN   NaN   NaN   NaN   NaN     2
     6     6     6     6     6     6     6     6   NaN   NaN   NaN   NaN   NaN   NaN   NaN   NaN   NaN   NaN   NaN   NaN   NaN   NaN   NaN   NaN
   NaN   NaN   NaN   NaN   NaN   NaN     6   NaN   NaN   NaN   NaN   NaN   NaN   NaN   NaN   NaN   NaN   NaN   NaN   NaN   NaN   NaN   NaN   NaN
     4     4     4     4   NaN   NaN   NaN   NaN   NaN   NaN   NaN   NaN   NaN   NaN   NaN   NaN   NaN   NaN   NaN   NaN   NaN   NaN   NaN   NaN
     4     4     4     4   NaN   NaN   NaN   NaN   NaN   NaN   NaN   NaN   NaN   NaN   NaN   NaN   NaN   NaN   NaN   NaN   NaN   NaN   NaN   NaN
    17    17    17    17    17   NaN    17   NaN   NaN   NaN   NaN   NaN   NaN   NaN   NaN   NaN   NaN   NaN   NaN   NaN   NaN   NaN   NaN   NaN
    17    17    17    17    17   NaN    17    17    17    17    17    17   NaN   NaN   NaN   NaN   NaN   NaN   NaN   NaN   NaN   NaN   NaN   NaN
    17    17    17    17    17    17    17    17    17    17    17    17    17    17    17    17   NaN   NaN   NaN   NaN   NaN   NaN   NaN    17
    17    17    17    17    17    17    17    17    17    17    17    17    17    17    17    17    17    17    17    17    17    17    17    17
    17    17    17    17    17    17    17    17    17    17    17    17    17    17    17    17    17    17    17    17    17    17    17    17
    17    17    17    17    17    17    17    17    17    17    17    17    17    17    17    17    17    17    17    17    17    17    17    17];

