% This mask is based on where 1908-1941 SST has value in trend
function mask = HM_function_mask_trd
    mask_1 = [
      0     0     0     0     0     0     0     0     0     0     1     1     1     1     1     1     1     1
      0     0     0     0     0     0     0     0     0     0     1     1     1     1     1     1     1     1
      0     0     0     0     0     0     0     0     0     0     1     1     1     1     1     1     1     0
      0     0     0     0     0     0     0     0     0     0     1     1     0     0     0     0     0     0
      0     0     0     0     0     0     0     0     0     0     1     0     0     0     0     0     0     0
      0     0     0     0     0     0     0     0     0     0     1     1     0     0     0     0     0     0
      0     0     0     0     0     0     0     0     0     0     1     1     1     0     0     0     0     0
      0     0     0     0     0     0     0     0     0     1     1     1     1     1     1     0     0     0
      0     0     0     0     0     0     0     0     0     1     1     1     1     1     1     1     1     1
      0     0     0     0     0     0     0     0     0     1     1     1     1     1     0     1     1     1
      0     0     0     0     0     0     0     0     0     1     1     1     1     1     0     1     1     1
      0     0     0     0     0     0     0     0     0     1     1     1     1     1     1     1     1     1
      0     0     0     0     0     0     0     0     0     1     1     1     1     1     1     1     1     1
      0     0     0     0     0     0     0     0     0     1     1     1     1     1     1     1     1     1
      0     0     0     0     0     0     0     0     0     1     1     1     1     1     0     1     1     1
      0     0     0     0     0     0     0     0     0     1     1     1     1     0     1     1     1     1
      0     0     0     0     0     0     0     0     0     1     1     1     1     0     1     1     1     1
      0     0     0     0     0     0     0     0     0     1     1     1     1     0     1     1     1     1
      0     0     0     0     0     0     0     0     0     1     1     1     1     1     1     1     1     1
      0     0     0     0     0     0     0     0     0     1     1     1     1     1     1     1     1     1
      0     0     0     0     0     0     0     0     0     1     1     1     1     1     1     0     1     1
      0     0     0     0     0     0     0     0     1     1     1     1     1     1     1     1     1     1
      0     0     0     0     0     0     0     0     0     1     1     1     1     1     1     1     1     0
      0     0     0     0     0     0     0     0     0     1     1     0     0     0     0     0     1     1
      0     0     0     0     0     0     0     0     0     1     1     0     0     0     0     0     1     0
      0     0     0     0     0     0     0     0     0     1     1     0     0     0     0     0     1     1
      0     0     0     0     0     0     0     0     0     1     1     0     0     0     0     0     1     1
      0     0     0     0     0     0     0     0     0     1     1     0     0     0     0     1     1     0
      0     0     0     0     0     0     0     0     0     0     1     0     0     0     0     1     0     0
      0     0     0     0     0     0     0     0     0     1     0     0     0     0     1     1     1     1
      0     0     0     0     0     0     0     0     0     1     1     1     1     1     1     1     1     1
      0     0     0     0     0     0     0     0     0     1     1     1     1     1     1     1     0     0
      0     0     0     0     0     0     0     0     0     1     1     1     1     1     1     0     0     0
      0     0     0     0     0     0     0     0     0     0     1     1     1     1     0     0     0     0
      0     0     0     0     0     0     0     0     1     1     1     1     1     1     1     0     0     0
      0     0     0     0     0     0     0     0     0     1     1     1     1     1     1     1     0     0
      0     0     0     0     0     0     0     0     1     1     1     1     1     1     1     1     1     0
      0     0     0     0     0     0     0     0     1     1     1     1     0     1     0     1     1     1
      0     0     0     0     0     0     0     0     1     1     1     1     1     0     0     1     1     1
      0     0     0     0     0     0     0     0     1     1     1     1     1     1     1     1     1     1
      0     0     0     0     0     0     0     1     1     1     1     0     0     1     0     1     1     0
      0     0     0     0     0     0     0     1     1     1     0     1     1     0     1     0     0     0
      0     0     0     0     0     0     0     0     0     0     0     0     1     0     0     1     0     0
      0     0     0     0     0     0     0     1     0     0     0     1     1     0     0     0     0     0
      0     0     0     0     0     0     0     1     0     0     1     1     1     1     0     0     0     0
      0     0     0     0     0     0     0     0     0     0     0     1     1     1     1     0     0     0
      0     0     0     0     0     0     0     1     0     0     0     1     1     1     1     0     1     0
      0     0     0     0     0     0     0     1     0     0     0     1     1     1     1     0     0     0
      0     0     0     0     0     0     0     1     0     0     0     0     1     1     1     0     0     0
      0     0     0     0     0     0     0     1     0     0     0     0     0     1     1     1     0     0
      0     0     0     0     0     0     0     0     0     0     0     0     0     0     1     1     1     1
      0     0     0     0     0     0     0     0     0     0     0     0     0     0     1     1     1     1
      0     0     0     0     0     0     0     0     0     0     0     0     0     0     0     1     1     1
      0     0     0     0     0     0     0     0     0     0     0     0     0     0     0     0     1     1
      0     0     0     0     0     0     0     1     0     0     0     0     0     0     0     0     1     1
      0     0     0     0     0     0     1     1     0     0     0     0     0     0     0     0     1     1
      0     0     0     0     0     0     1     1     1     1     1     0     1     1     1     1     0     0
      0     0     0     0     0     0     1     1     0     0     1     1     1     1     1     0     0     0
      0     0     0     0     0     0     1     1     0     0     0     0     0     0     0     0     0     0
      0     0     0     0     0     0     1     1     1     1     0     0     0     0     0     0     0     0
      0     0     0     0     0     0     0     1     1     1     1     0     0     0     0     0     0     0
      0     0     0     0     0     0     0     1     1     1     1     1     0     0     0     0     0     0
      0     0     0     0     0     0     0     0     0     1     1     1     1     0     0     0     0     0
      0     0     0     0     0     0     0     0     0     1     1     1     1     1     0     0     0     1
      0     0     0     0     0     0     0     0     0     0     1     1     1     1     1     1     0     1
      0     0     0     0     0     0     0     0     0     0     1     1     1     1     1     1     1     1
      0     0     0     0     0     0     0     0     0     0     1     1     1     1     1     1     1     1
      0     0     0     0     0     0     0     0     0     0     1     1     1     1     1     1     1     1
      0     0     0     0     0     0     0     0     0     0     1     1     1     0     1     1     1     1
      0     0     0     0     0     0     0     0     0     0     1     1     0     0     1     1     1     1
      0     0     0     0     0     0     0     0     0     0     1     1     0     1     1     1     1     1
